0,0.24577684589257615,0.47471464318913437,300,345,345,2-6-1
1,0.40827907565891625,0.02260407091983152,300,375,375,0-4-6-5
2,0.37404292946715473,0.16563814268292237,300,304,304,7-4
3,0.4790479999214103,0.4378729320049509,300,308,308,8-6
4,0.002744487786077887,0.13377157954319613,300,302,302,1-2
5,0.4144261539617581,0.1383779284331091,300,373,373,9-3-1-5
6,0.46636179310923265,0.11210837703410836,300,318,318,9
7,0.36069205652818226,0.19169710956432062,300,361,361,8
8,0.09504645803277456,0.13806960725613604,300,334,334,3-4-2-5
9,0.38249019360666286,0.1714805543433403,300,379,379,9-4
10,0.4676209325397874,0.17896523168069456,300,331,331,5-7-9
11,0.21002191967729644,0.05314782866753559,300,345,345,3-2
12,0.31264626609028334,0.07080589058040221,300,399,399,6-0
13,0.29185360112017045,0.4118499099076833,300,314,314,2-1-3-0
14,0.07157000715315864,0.2508745179442525,300,394,394,5-3
15,0.36082086041645356,0.23962396333742036,300,310,310,4-5-6
16,0.18142558815305132,0.42754023153498044,300,351,351,5-6
17,0.29696488770568247,0.18825097381139905,300,371,371,9-5-4-2
18,0.48911916715600806,0.34458729317762854,300,345,345,6-5
19,0.15143267008821032,0.007989615386474247,300,360,360,9-3
20,0.48052144196296614,0.16219420231883053,300,357,357,0-2-6-5
21,0.33417356543294496,0.03842370012631946,300,302,302,4-9
22,0.40161879718051896,0.1966044585438229,300,335,335,2
23,0.03262654809572996,0.3237364846585061,300,313,313,4-9
24,0.2762842019505074,0.17644608242683074,300,322,322,9-2-4-7
25,0.4211373649920764,0.0040192798316955325,300,379,379,2-7-9-4
26,0.46962901649357885,0.45535419372422525,300,303,303,3-4-1-8
27,0.4598611866302707,0.2514097545721526,300,322,322,2-8-4-3
28,0.2428804506091512,0.04964035653468718,300,336,336,9-0-4-1
29,0.10145551170904166,0.41990155399234763,300,315,315,0-5
30,0.061662596125417746,0.1626231815560938,300,362,362,9-1-7
31,0.19312789042961792,0.2570884728409584,300,339,339,6-2
32,0.2977080315755134,0.452828381478571,300,383,383,1-2-4-5
33,0.31559919679186804,0.19110124346900698,300,305,305,9-3-7-0
34,0.07025493748125233,0.25224940163686516,300,324,324,3-2-6
35,0.2881369777274298,0.012366682915029736,300,332,332,9
36,0.4711594205278762,0.13366653839187492,300,353,353,0-5-4
37,0.455774695467639,0.4644426015912992,300,394,394,6
38,0.14478730911618004,0.2462284127687317,300,323,323,9-8
39,0.27238796996197756,0.014805246803726413,300,395,395,6-8-2-0
40,0.2445387460182173,0.32214062103868835,300,339,339,3
41,0.46376153123981423,0.1187314013323808,300,326,326,1-5-2
42,0.35117979285630213,0.2855034500750849,300,359,359,4
43,0.2966636709257447,0.3192587621629918,300,344,344,6
44,0.4207913426377262,0.15355989153944843,300,396,396,6
45,0.25817861269045383,0.04650067913772021,300,317,317,5-2-6-1
46,0.4719848376755598,0.028182816171425817,300,312,312,9-2
47,0.10836008834353139,0.42275660018850514,300,320,320,6
48,0.003032321337061883,0.3786620326409486,300,353,353,0
49,0.36754751442027944,0.4022421638181056,300,340,340,9-2
50,0.24475580347143033,0.24250901015718596,300,352,352,6
51,0.03603910943297978,0.08616940096891529,300,316,316,3-8-4
52,0.3336170934103871,0.29730998889177646,300,320,320,5
53,0.2497576887208271,0.01479047422937868,300,364,364,1-9
54,0.21047895609612854,0.11248155303922408,300,360,360,0-3
55,0.2950888998262829,0.030159829145404216,300,386,386,0-5-8
56,0.08156389094039057,0.4266172269782374,300,314,314,4-1-8-2
57,0.04086297674338979,0.2954055497811918,300,385,385,6-2-3-0
58,0.14188368180555733,0.460146339100805,300,358,358,9
59,0.4880798750310795,0.029611038682020474,300,378,378,4-6-8
60,0.1898979958653324,0.43177835649107354,300,385,385,0-9-3
61,0.21214281858064404,0.4072657538426985,300,364,364,1
62,0.47791638839708134,0.19712118749646323,300,381,381,3-7-4
63,0.15036438486510822,0.36271591121301944,300,321,321,0-4-9-6
64,0.15023758343308002,0.39012118225591474,300,303,303,2-8-6-1
65,0.027309192954556916,0.18806501799514092,300,363,363,1
66,0.36211149636193435,0.009165149984145082,300,344,344,6-1
67,0.20509823818090878,0.18603531877554136,300,348,348,6-4-5
68,0.16573064900369655,0.0831821148734288,300,337,337,2
69,0.014817936759682293,0.30397708838786913,300,324,324,2-8
70,0.0053024538624896755,0.21787218096127214,300,340,340,0
71,0.16131114295774612,0.15216235761104957,300,383,383,8
72,0.4003451237008112,0.4567291415617024,300,338,338,5-0
73,0.46278046500111014,0.0018666728870838645,300,382,382,8-7-9
74,0.16952163067356268,0.028902389952487895,300,317,317,2-1-3-5
75,0.15724837516906232,0.14343906703551706,300,368,368,8
76,0.48786391886174235,0.4453270361278703,300,306,306,0-6-1-9
77,0.2587017945140896,0.09931272010303027,300,356,356,8-1-7-5
78,0.4920722708132198,0.10564637229981155,300,339,339,6
79,0.21344394672880984,0.4876621127056755,300,350,350,8
80,0.22279157146274675,0.47809886110181354,300,373,373,7-1
81,0.0026568924542026418,0.2559681132638179,300,317,317,2-3-9-0
82,0.27753227793103474,0.3804557522373898,300,324,324,4-5-6
83,0.2884042297149938,0.24818873551904386,300,362,362,7-8-6-2
84,0.3520242312502566,0.31426149538958664,300,321,321,6-4
85,0.24695953583436386,0.3846367848300181,300,347,347,4-5-3-9
86,0.3750057756685422,0.2595393294554778,300,321,321,1-4-7
87,0.38775082397532307,0.238651448732337,300,397,397,5-8-3-1
88,0.42241313836676775,0.04568149582445202,300,347,347,5-9
89,0.3447889232963498,0.0314252600813954,300,338,338,4
90,0.21103863479694507,0.4131633190115622,300,355,355,5-7
91,0.33631523210954983,0.23585557574580884,300,342,342,6-0-7-5
92,0.010162870531017443,0.4595746241313187,300,354,354,3-5-9
93,0.2500613379106014,0.3387606167964174,300,355,355,3
94,0.42611200601947347,0.4861806362416625,300,353,353,2-0
95,0.1615663842411703,0.3770156502661658,300,323,323,6-8-9-7
96,0.32928821088867605,0.40449060031804424,300,370,370,7-4-0
97,0.04221675366161798,0.16095444063919823,300,385,385,2
98,0.282713451352046,0.01184383993359961,300,339,339,0-5-9-7
99,0.2778152101536835,0.13807787054476794,300,371,371,8-4
100,0.4588536554397288,0.41325395339734305,300,369,369,9-4-1-6
101,0.0573139785924614,0.28667984511904615,300,396,396,6
102,0.30812773713409264,0.37947059238466574,300,359,359,7-8-3
103,0.4124333485696009,0.08514912485104636,300,302,302,5-3-7-8
104,0.060650196920212895,0.35090753671111435,300,304,304,8-4-1
105,0.42255147667386883,0.07871696883823459,300,307,307,1-5-7
106,0.28697969813806495,0.12477149999539133,300,302,302,3
107,0.39561694697618355,0.10231144079324961,300,324,324,0-3-8-1
108,0.31116919272012805,0.49069031134983143,300,306,306,3-9-8
109,0.42151045895024875,0.43234250870399515,300,389,389,7-8
110,0.24051655553671453,0.3576882326836394,300,388,388,0-9
111,0.1928474913338475,0.3226821718446202,300,360,360,5-3-9-2
112,0.16891332204654225,0.00846339149733033,300,399,399,7-4-3
113,0.33714748098466213,0.1893088649028446,300,351,351,7-2-9-4
114,0.19347471599108473,0.3079653517577292,300,308,308,7-8-0
115,0.06091675904129018,0.28945589818872136,300,374,374,5-8-2
116,0.38134813448149885,0.05163874579733568,300,336,336,1
117,0.2618387549313199,0.1674000521082446,300,369,369,2
118,0.15053877417928024,0.4496973887978083,300,312,312,5
119,0.4321839245592735,0.11210325211890992,300,311,311,0-3-4
120,0.07265536176711235,0.31015815030315236,300,385,385,1-8-6
121,0.4504845230678293,0.03881222991741051,300,338,338,5-9-6
122,0.4610594573568174,0.4502724154877729,300,342,342,0-1-4-7
123,0.2446849229316556,0.4509206226339719,300,329,329,6-8
124,0.11612415652546326,0.44960974029023176,300,370,370,9-7-1-8
125,0.27064498260404346,0.18053603212019925,300,386,386,7-0
126,0.10970575088515055,0.38290904087833116,300,317,317,3-7
127,0.021695644607199638,0.19144810135802992,300,356,356,9-0-7-4
128,0.28941510797406983,0.4164408737798366,300,335,335,5
129,0.3242684468182957,0.11271491338223144,300,397,397,4-6-8
130,0.27313405838860005,0.29955844382565117,300,331,331,8-2-6-7
131,0.4580103980592528,0.41495353978479177,300,319,319,7-9-0-4
132,0.3663463315649269,0.22483761672194386,300,392,392,1-3-9
133,0.1780740908361162,0.03303660031448874,300,316,316,2-7
134,0.051221530755696465,0.1619185823111689,300,386,386,4-0-7-5
135,0.3056638738928234,0.3785120724328535,300,326,326,2-8
136,0.26271670490587284,0.09181543095947775,300,315,315,8-2-5-3
137,0.25631440957529433,0.40368326104842034,300,393,393,0-2
138,0.3426466360767323,0.3972745084427741,300,337,337,1
139,0.34385730019018085,0.33965320547270067,300,367,367,2
140,0.09384948493947298,0.4828027632541426,300,369,369,9-5-1-8
141,0.35219709628638224,0.14012184588361914,300,307,307,8-2-7-9
142,0.20593842896891074,0.34188335863843544,300,303,303,0-1-8-6
143,0.03080733390189877,0.27353981064174987,300,342,342,0
144,0.22384704050925092,0.14904078107149688,300,311,311,6-0-7-1
145,0.040965375427014616,0.3747032431369684,300,343,343,4-8-9
146,0.16848062884362686,0.033843164807356385,300,328,328,8-7-3
147,0.05673985862294667,0.10524365146679049,300,302,302,9-5
148,0.36376794418758296,0.16108868330915438,300,334,334,6-3-9-7
149,0.24533805890222365,0.3375805739593462,300,320,320,8-6
150,0.28869841856124584,0.2688200262781799,300,393,393,6-5
151,0.24277980924630171,0.4588331956420699,300,367,367,7
152,0.15614734659730745,0.011395923569447297,300,398,398,4-1-5
153,0.24674902511778202,0.15048978968409488,300,354,354,2-8
154,0.09946704716795302,0.1306421582888298,300,386,386,8-5-0-7
155,0.4984453055647553,0.080998858296422,300,394,394,4-8-6
156,0.3513654944975557,0.04311925434227093,300,343,343,5-1-3
157,0.3533729128388837,0.06502841767298667,300,336,336,6-0-4-8
158,0.40629514722633675,0.3234399304113725,300,363,363,6-9-1-5
159,0.22407563461000812,0.1096709490084603,300,392,392,9-4-7
160,0.1842371993573006,0.11140543304702377,300,379,379,5-3-2-0
161,0.44778940863416633,0.16299716066445846,300,361,361,8-2-5
162,0.4216211650254515,0.03849030675383719,300,374,374,0
163,0.013147553981477267,0.04689788474115131,300,367,367,7-0
164,0.23486558112021955,0.17787583945599394,300,334,334,2
165,0.2702352530462876,0.2816005703464332,300,324,324,3
166,0.4653211730055634,0.04550964896773935,300,376,376,8-2-9
167,0.0046810980733655305,0.25420794571733635,300,331,331,4-5-1-8
168,0.38936767421847135,0.19600899372162428,300,313,313,2
169,0.07708142640418802,0.13077051823421487,300,309,309,0-5
170,0.09555032908740813,0.4315233624033377,300,399,399,0-1-6
171,0.46045904867165716,0.2618089006719361,300,321,321,9-5
172,0.09677914277494887,0.3846817270253591,300,396,396,5-8-1-3
173,0.20270173356631183,0.012565294802023175,300,376,376,7
174,0.13025656376416428,0.4033997826142226,300,374,374,2-0-3-1
175,0.30375489551110735,0.08208729924387331,300,337,337,3
176,0.3179284543268763,0.4738236052860661,300,306,306,4-2
177,0.0023348151415195084,0.03355912150457857,300,391,391,1-0
178,0.3576807451232328,0.07380214051380474,300,357,357,5
179,0.47021202317527844,0.26523547208422865,300,352,352,0-3-5-9
180,0.46687292408691733,0.1580144437888627,300,385,385,1-4
181,0.03286272407037538,0.3451529230910402,300,346,346,3-1
182,0.22653874277609598,0.011177372378143091,300,395,395,2-3-9
183,0.18619887616033115,0.4239427732969219,300,348,348,2-3-1-4
184,0.1546298869974726,0.4821760094490807,300,306,306,1
185,0.38992222526294074,0.061874056221934204,300,339,339,7
186,0.44997419362101876,0.19817424448624715,300,309,309,9-3
187,0.22390082292236624,0.1137872814802558,300,376,376,3
188,0.40233072816621046,0.02177921559683277,300,335,335,4-3
189,0.021348044693377144,0.3562305781956598,300,316,316,1-2-3
190,0.20443297279213463,0.31770024437951083,300,302,302,9-0
191,0.16479800531531147,0.4162628028583953,300,385,385,9-6-4-3
192,0.45681365186506706,0.17390955121171592,300,380,380,5-0-8-4
193,0.0344339396120974,0.1506521627051789,300,301,301,8-7-3
194,0.216993097043793,0.3156958947411851,300,321,321,3-0
195,0.4373397881812275,0.06233144490041603,300,332,332,5-9
196,0.2901327422957751,0.3164400398147669,300,377,377,4-9-5
197,0.06281462018323292,0.10403076187084326,300,380,380,0-2-4-6
198,0.10721751172312805,0.18773894098627675,300,380,380,2
199,0.31605112493530696,0.4966268185696877,300,323,323,4
200,0.27293188504961285,0.24953798874469374,300,359,359,6-4-9-1
201,0.33777336052178175,0.4380377119598281,300,386,386,2-6-9-7
202,0.35887776634780977,0.413285697698752,300,307,307,4-3-9-0
203,0.4161716896114345,0.40658710550153726,300,390,390,2
204,0.35839993912025175,0.09893510956380347,300,315,315,0
205,0.357672808033278,0.26431644460928294,300,318,318,7-8-2
206,0.2841004893243142,0.008872699359118663,300,355,355,5-1
207,0.49210211213586735,0.3891207566456779,300,340,340,1
208,0.41722313339440403,0.4439647534339069,300,308,308,5-8
209,0.13042402005823522,0.2195675759285039,300,354,354,2
210,0.18853048614447715,0.4103717953846122,300,393,393,2-6-1
211,0.3291966299462468,0.0970326861038886,300,377,377,8-7-6-9
212,0.25490376021161876,0.03831442334395574,300,303,303,8-5
213,0.4655645291148584,0.36071701865092576,300,330,330,9-6
214,0.32489461609476455,0.42875083397697933,300,394,394,8-2-5-4
215,0.3406404425522601,0.32347767173515085,300,322,322,9-4-3
216,0.4876494223955719,0.439328091367656,300,373,373,2-0
217,0.3394171305382126,0.2878158362340474,300,373,373,7-9
218,0.09350417795699922,0.2376314963478195,300,369,369,7-3
219,0.06795678893896179,0.34969566809075425,300,368,368,4
220,0.10582479202419132,0.3341204367280364,300,309,309,3-4-7-8
221,0.008557137870591869,0.19842826207915099,300,311,311,3-6-9
222,0.3982395777383579,0.42366437270553176,300,399,399,6
223,0.18191784681605666,0.05309892163599955,300,333,333,3-9-5
224,0.2132959715885746,0.09391075998502657,300,309,309,0
225,0.10815558030209849,0.32686110474831587,300,391,391,3-1-0
226,0.32876699182754976,0.4921329353082156,300,355,355,0-2
227,0.4520047813479545,0.23880504761114152,300,322,322,4-1-6-0
228,0.48775819352386934,0.2621686094739109,300,365,365,7-5
229,0.2595016168971213,0.19845932431977736,300,307,307,9
230,0.28634455203639375,0.2870102326378989,300,388,388,3-2
231,0.4257935888821653,0.42992787319503467,300,360,360,6-4-1-0
232,0.024544742379896067,0.07967435038739457,300,389,389,0-4-8-1
233,0.21706439021130514,0.35532128242537464,300,342,342,8-3-7-9
234,0.41984973607907367,0.22551481271603951,300,376,376,4-3-2
235,0.11244468748650982,0.1811050711462136,300,325,325,1-8
236,0.28666429835627205,0.4433344672789477,300,350,350,6-0-3
237,0.05646092634944061,0.35892170267211315,300,303,303,0
238,0.48443665632393595,0.06528557973718097,300,376,376,1
239,0.14792038486363845,0.2729380372502491,300,399,399,8-7-0-2
240,0.15819628493003723,0.1632840901403117,300,348,348,0
241,0.4431776903166486,0.17845970011737256,300,331,331,6-9
242,0.461064922779031,8.184496659020546E-4,300,368,368,8-7-2-1
243,0.00528357310842309,0.38111794804301585,300,341,341,6-5
244,0.36183455833990286,0.31071543290772824,300,377,377,7-3
245,0.06061896263470873,0.43270215911709536,300,370,370,6
246,0.10839032066531573,0.11641979857096019,300,337,337,0
247,0.18011262308593823,0.15394420630411215,300,397,397,9-6-0
248,0.23215792915388112,0.08087374063946856,300,329,329,3-6-5-0
249,0.3255085954126138,0.1231402714454764,300,394,394,7
250,0.1106152820870539,0.20773871984069708,300,393,393,7-1-3
251,0.2099465192645233,0.4663461189853197,300,391,391,2-8-3-4
252,0.31851860078825833,0.33577175589370867,300,301,301,3-8-9
253,0.4533057347464428,0.036801936398813906,300,355,355,1
254,0.24507633540496399,0.10881407303786944,300,327,327,1-6
255,0.058717585872247124,0.2062534979532037,300,356,356,4-2-6-3
256,0.31931567868997884,0.27836066513999136,300,347,347,4-5-0-7
257,0.11963663995422369,0.48701415759696254,300,316,316,8
258,0.3135975691919995,0.3176458506536953,300,338,338,8-6-2
259,0.4091015567146749,0.11937189492406386,300,379,379,7-9-1
260,0.45387319839023643,0.10129524385531535,300,351,351,5-4-2
261,0.46144864054659585,0.20276146974351789,300,399,399,3-4
262,0.3722456395854397,0.005494021058984944,300,302,302,1-3-0
263,0.18247225561458486,0.08668029815167361,300,322,322,6-2
264,0.31019053977669364,0.08233938552458825,300,337,337,2-6-7-3
265,0.3564474246558738,6.581086251015722E-4,300,388,388,2
266,0.21739869410251228,0.12845446125749976,300,368,368,7-8-6-9
267,0.2647152503271531,0.43516109619508375,300,344,344,2-3-5
268,0.2851493862234061,0.2964567104641834,300,310,310,9-2
269,0.14227781129646844,0.11833077563963029,300,316,316,0
270,0.34660825538640927,0.30219262255565854,300,301,301,6-5-2
271,0.340504605052275,0.44069062910355655,300,374,374,9-3-7-2
272,0.1443608003041783,0.20646834049998897,300,373,373,8-3-1
273,0.3704205692344881,0.3768440106266825,300,394,394,0-8
274,0.0583236106199273,0.14709112941196006,300,360,360,2-0-5
275,0.055640915273797276,0.3071097431042489,300,326,326,5-2
276,0.3546667727208463,0.18928540103732783,300,306,306,2-6
277,0.20414818788144107,0.24160669814682145,300,331,331,8-7-2
278,0.11540584951423688,0.025890272546446103,300,313,313,9
279,0.22833982336367248,0.1498670253742998,300,390,390,4
280,0.4162043501050381,0.1244049013865961,300,342,342,3-4
281,0.33070659359757654,0.40055169549457303,300,345,345,4-5-3-7
282,0.2768253683664497,0.18146700728032145,300,385,385,3
283,0.22121222787635508,0.30275594371834724,300,324,324,8-4-3
284,0.43403019431663226,0.1765693053875062,300,320,320,8
285,0.4340029160882975,0.1538455079023005,300,324,324,4-6-7-2
286,0.4749506731211831,0.13681651563451458,300,318,318,9-1-4-2
287,0.089485613527795,0.18520763874278223,300,344,344,1-5-2-6
288,0.18190128157632585,0.24237131988435706,300,333,333,5-7-3-9
289,0.04728916185054388,0.007340519384401556,300,372,372,3-6
290,0.3900812928937279,0.015827626490676483,300,327,327,3-0-6-8
291,0.48471408983357744,0.36940598300572275,300,375,375,7-6
292,0.494402980199392,0.13235971850784678,300,376,376,5
293,0.05458935128220327,0.006641122068220318,300,396,396,0-1
294,0.2779302138155132,0.21874060500953724,300,397,397,4
295,0.12542070501873626,0.2152148894618588,300,336,336,4-7-2
296,0.1417905355745257,0.3241016027489975,300,316,316,6-1
297,0.4382817601986835,0.44705672026074167,300,383,383,1
298,0.36537482005173505,0.41503968567287053,300,348,348,9-1-0-2
299,0.44221232855663933,0.27104524348731796,300,399,399,5-7-0
300,0.11588202948999976,0.11515491716130816,300,375,375,3-4
301,0.41009197490684934,0.0305819940835671,300,334,334,0-3-8-2
302,0.29362572358796607,0.4730953364249335,300,363,363,5-7-4-6
303,0.0060835526362506,0.4767253774349652,300,333,333,7-5-9-4
304,0.47107590269489397,0.4473577207170698,300,324,324,3
305,0.49578244171001945,0.20366047548790212,300,307,307,5-1-0
306,0.010244488381771166,0.2570746695396814,300,365,365,3
307,0.3699642936889856,0.17056807228082838,300,347,347,6
308,0.4513733594921901,0.14435884958354311,300,306,306,7-3
309,0.14769321800925284,0.03330145160352094,300,333,333,7-4-3-0
310,0.018499143418822916,0.04561066684373677,300,366,366,5
311,0.27896130963949667,0.016330971565284125,300,366,366,8-3-2-6
312,0.03285665758313078,0.19019580765779182,300,351,351,6-9-3-2
313,0.03710199416033444,0.3545586227718296,300,341,341,7
314,0.4778857279264897,0.09929196864147527,300,363,363,6-2-5
315,0.12669955840880975,0.409419257981095,300,323,323,3-4-0
316,0.10376360133903312,0.4737043557733118,300,346,346,3-7
317,0.4382175686246921,0.3374450566209024,300,348,348,2-4
318,0.07792432338792976,0.2969554346719793,300,316,316,3-2
319,0.12646714781610358,0.38458151217277203,300,356,356,7-8-3-9
320,0.08474875759806455,0.32310418402726887,300,336,336,1-4-3-8
321,0.42365676954643194,0.12781400927999242,300,359,359,8-1-3-6
322,0.362280936288157,0.08107546631682805,300,344,344,1-6
323,0.10083693753350337,0.4866438275680894,300,376,376,1-5-2-9
324,0.023910458525526868,0.10127714301819896,300,373,373,3-1-6-2
325,0.22304509452455568,0.1833191464705613,300,386,386,0
326,0.4256772563955865,0.34670139451388604,300,351,351,7
327,0.4752890493918999,0.23301330773990142,300,303,303,3
328,0.14905714359622796,0.08341544057296202,300,353,353,7-0
329,0.32442333002469176,0.3176552627305713,300,301,301,8-4-0-1
330,0.22301328398830628,0.3453357757415387,300,354,354,6-7
331,0.0570656078276614,0.4706625343951551,300,301,301,8-9-4-5
332,0.15235848772927651,0.27790174644542825,300,347,347,5-0
333,0.16311884379739833,0.1405794886290947,300,340,340,4-2-0
334,0.3749252946787544,0.06492001754061216,300,317,317,4-9-2-1
335,0.2561767338480689,0.22086906012023522,300,399,399,3-0-4-6
336,0.19632687390413872,0.20250989057257218,300,393,393,0-8
337,0.04168311439634026,0.4855078459821929,300,300,300,1-0-5
338,0.41882458703136927,0.06866577556627529,300,383,383,0
339,0.0374267832047811,0.1507251449091444,300,382,382,6-8-4
340,0.20008433096527478,0.22956271779080706,300,365,365,2-8-3-6
341,0.12252908213558927,0.15222906117379842,300,386,386,9-1-8
342,0.47424005565540756,0.3015028859386643,300,314,314,7-2-1-6
343,0.18314476217201026,0.4184862131720548,300,340,340,9-4-8
344,0.1941574566757709,0.4638071441694745,300,369,369,0-9-6
345,0.18816465559881695,0.364242971419704,300,377,377,0-3-9-5
346,0.41017975308937576,0.05398710423172809,300,361,361,2-8
347,0.15972700504261778,0.3535145637955618,300,326,326,0-9
348,0.21375252234584535,0.04832553182312932,300,332,332,7
349,0.2558881819751266,0.32693324690432707,300,393,393,4-1-8-6
350,0.3888612407914176,0.4121331553524824,300,383,383,7-3
351,0.2372611841707304,0.4307247232469909,300,304,304,0-6-8
352,0.054876832286718025,0.39877965030688867,300,368,368,7
353,0.10230178096163323,0.4650696153423349,300,364,364,3
354,0.30752220983192996,0.2474523031914851,300,301,301,1-8
355,0.11697810531079594,0.1250064410525924,300,374,374,6-5-9
356,0.24772768349326724,0.359168548849675,300,374,374,1-2-5-8
357,0.44157844769541466,0.17297303398906688,300,335,335,5-1-0
358,0.40197513843719423,0.24818160875165768,300,311,311,1-0
359,0.2577262368392198,0.03961073603878035,300,372,372,8-1-9-0
360,0.04903265405350676,0.44838707295566327,300,383,383,7
361,0.19576453029860874,0.11159910096161196,300,326,326,4
362,0.31034519482915807,0.49542113810612487,300,339,339,8-0-4-2
363,0.24416199990376897,0.33438096209410856,300,365,365,5-1-8-3
364,0.20748280600294783,0.3525253871300963,300,349,349,7-3-6-8
365,0.1802672709813372,0.49804168128962323,300,369,369,2-6-1
366,0.040992666478562645,0.4566193497648073,300,371,371,7
367,0.16621344057961623,0.23419035257367815,300,395,395,0-7-8-5
368,0.28610613189977885,0.0617107899550321,300,308,308,0-8-9
369,0.41612670893357184,0.3370945108850716,300,340,340,3
370,0.42930329712402954,0.30914835935426804,300,360,360,6-1-7
371,0.05327500195205265,0.007005509596584081,300,359,359,7-1-6
372,0.031441653735704955,0.41718219768071907,300,301,301,9
373,0.007591268970313425,0.18551314323882778,300,393,393,2-7-0
374,0.09477692526812204,0.45508087694941407,300,303,303,8
375,0.09511521338179185,0.027117816453233523,300,318,318,9-8-2
376,0.3004361484552944,0.49367198805315343,300,314,314,9-4-0-7
377,0.04328455601320824,0.3227666452235728,300,302,302,2-4-1
378,0.41129259865748213,0.4428230137195206,300,300,300,4-7-2
379,0.10293612092356685,0.20209001977526841,300,384,384,3-2
380,0.3277117424446499,0.03481945204785464,300,318,318,7-4-3
381,0.16523905699935604,0.06379999901424505,300,376,376,7-4-8
382,0.0853019358385611,0.44699265083547923,300,351,351,8-0
383,0.011679926356300108,0.45420179704892744,300,324,324,8-1-4
384,0.23681461477116406,0.19809126727513915,300,342,342,7-6-5
385,0.11289584771924294,0.08110557004859947,300,304,304,5-1-2-9
386,0.47860860394573673,0.09507534850664812,300,367,367,4-9-1-7
387,0.14101738788600054,0.47585581056955845,300,332,332,3-2
388,0.3885957819225519,0.004567434749592814,300,353,353,0-9-7-3
389,0.02496596683084723,0.48883538225890144,300,343,343,2
390,0.37167207583056916,0.10684288894438532,300,324,324,5-7
391,0.4958896954549999,0.3564319778794743,300,363,363,3-4
392,0.0029498636981585835,0.21501697912688805,300,336,336,8-2
393,0.4719022196847281,0.43193216821360814,300,319,319,7-5-8
394,0.032596865337179926,0.1800328044420762,300,339,339,7
395,0.37670092859592536,0.33467676310570904,300,381,381,8-2-7-3
396,0.36766306265729315,0.3584230360210213,300,334,334,1-7-4
397,0.07081244816896293,0.06739802912929754,300,359,359,3-2-7
398,0.22764907028608106,0.24383905156213365,300,325,325,2-3
399,0.05084293554631936,0.32182234690392053,300,310,310,3
400,0.06472842555554709,0.2031448583740782,300,308,308,3-6-8-0
401,0.3776414103546618,0.36383255460116887,300,365,365,0-3
402,0.10659887531026307,0.14812656109608807,300,364,364,6-4
403,0.036328102194302325,0.2971306233786526,300,308,308,0-3-6-8
404,0.1966364117013421,0.41536935219175253,300,338,338,2
405,0.33946723877952184,0.13684093666372843,300,340,340,6-9
406,0.015870121178055585,0.013562115448359169,300,388,388,5-8-1
407,0.2717413601983602,0.4943045374197623,300,308,308,4-2-7-8
408,0.13708837019892517,0.2976215930200868,300,390,390,1-8-5
409,0.30487237550249646,0.16901243758867324,300,323,323,1-6
410,0.23025746168228262,0.03518290377810651,300,324,324,7-5-6
411,0.467420008940164,0.05138051526474907,300,312,312,9-3-6-2
412,0.24781649500171904,0.20777218806839937,300,325,325,4-6
413,0.3392626325990158,0.08088930278830997,300,304,304,3-1-4
414,0.06769297709890915,0.11292367741451453,300,365,365,7-8-6-5
415,0.49937895323853443,0.3566421255168329,300,360,360,3-6
416,0.3480218241997119,0.2544001025558284,300,309,309,1
417,0.30305874970330465,0.017449371901297805,300,372,372,9
418,0.24154890104439053,0.11648733392918648,300,333,333,9
419,0.3868134672558988,0.27689814464943424,300,322,322,5
420,0.4687850137383796,0.08377918662175915,300,308,308,7
421,0.4564357688314986,0.1352541767032155,300,366,366,0-3-7-2
422,0.18634376160078664,0.1379578456243522,300,338,338,3-4-7
423,0.12307278576482855,0.0856253060103655,300,395,395,7-5
424,0.30037620990456815,0.37691421162519084,300,348,348,2
425,0.18488598446908705,0.4318043361979213,300,344,344,9-6-4
426,0.1486790211752898,0.23115733274693662,300,319,319,2-3-6-9
427,0.4863188043496876,0.36033478559772186,300,396,396,8-9-3
428,0.029465810717592855,0.28574628117732803,300,355,355,2-5
429,0.46388323500583656,0.4929258317316536,300,380,380,8-4
430,0.18429288600173066,0.44559210007548467,300,301,301,4-2-0
431,0.4714571042958134,0.4327565345599172,300,357,357,4-3
432,0.14534581462270213,0.025735030035990702,300,335,335,2
433,0.47892491469021153,0.16983886995759162,300,366,366,4-3
434,0.2661570000175207,0.0010283860723208638,300,332,332,3-9-2
435,0.0172588943800282,0.17746997606815662,300,390,390,6-8-0-4
436,0.39381238136927865,0.11759649251670179,300,349,349,7-2-3-1
437,0.44799329110332925,8.90760697984494E-4,300,348,348,1-5-3
438,0.13749710032418755,0.3559844337100549,300,396,396,0-2-8
439,0.1989426718952223,0.2014222386660326,300,344,344,6-8
440,0.38077808145096975,0.3719185356773014,300,366,366,2-9-4-0
441,0.16865600713113893,0.22321457229128555,300,302,302,5-0-1-7
442,0.391869932657339,0.20616217207030496,300,384,384,5-9-1-3
443,0.10721065930181384,0.3350869290751001,300,305,305,8-5-1-6
444,0.17198728964271243,0.13436732595029577,300,305,305,3-1
445,0.32689772029858194,0.06309396279811413,300,307,307,5-6-9
446,0.062224408663771213,0.05666842087485535,300,358,358,2-5
447,0.08848497952986956,0.1135621973768502,300,334,334,4-9-5-7
448,0.13350079933209602,0.019422723441027412,300,326,326,9-3-8-6
449,0.17816328153323635,0.35158827058663633,300,372,372,1-4-2
450,0.19635333177591635,0.1675115428123975,300,315,315,6-0
451,0.19220070903731817,0.44070218317731424,300,354,354,5-8-0
452,0.41013258978823913,0.2784837205592918,300,388,388,6
453,0.13819625092821086,0.39659051807115836,300,317,317,2-1
454,0.3225669521881397,0.031007534757790667,300,387,387,6
455,0.2358345399160638,0.4695041254786094,300,354,354,3
456,0.4188668284145643,0.40703993845862574,300,339,339,5-2-1-6
457,0.08018255428726667,0.42006774595700025,300,372,372,1
458,0.16259500941251986,0.12349455893077399,300,366,366,3-4-6
459,0.07632146545434576,0.31811320704044216,300,306,306,9-5-1-0
460,0.30394833867558163,0.3437170151351192,300,322,322,1-9-4
461,0.4217770384367356,0.18869219948765353,300,367,367,4-7
462,0.22439192458616442,0.07873515496401373,300,344,344,6-4-2
463,0.25652665902330435,0.07651241304789402,300,355,355,8-3
464,0.3859680043318357,0.12035947182387302,300,378,378,1-8
465,0.08511221410716518,0.18357015068368931,300,311,311,1-4-9-6
466,0.27222793251078004,0.3553551865230109,300,355,355,4-2-6-0
467,0.12176743486905456,0.16766884013052374,300,358,358,7-8-2-9
468,0.426735715025399,0.30230260291497274,300,352,352,4-2-6-9
469,0.07290115751365334,0.013193097215289551,300,305,305,4-0-6
470,0.4064341770178287,0.3499712113741572,300,366,366,5-8-6-3
471,0.20274532827367536,0.21079647723487227,300,362,362,8
472,0.06513863527602065,0.44759626871150465,300,315,315,3-7
473,0.3431295149229381,0.44692477840550154,300,320,320,1-4-0-2
474,0.3195227185160877,0.2534808741153585,300,327,327,4-7-6
475,0.04431179760546633,0.26516312211088067,300,390,390,2-5
476,0.1450712570864216,0.16944945134221706,300,373,373,5
477,0.4321030182813637,0.2114677312302473,300,388,388,9-2-0-5
478,0.3358362576637146,0.3838953477803428,300,301,301,6-7
479,0.4863966423232368,0.1477807978645429,300,374,374,2-5
480,0.2247666945665081,0.2878234053652074,300,310,310,1-4
481,0.457890158342073,0.23452932370237944,300,371,371,8-1
482,0.19238188794596128,0.43500167309543036,300,357,357,4
483,0.15568865170351942,0.1696571778993229,300,329,329,8
484,0.4997019776657118,0.47146970178316266,300,304,304,9
485,0.1558167630922433,0.05405977133424095,300,361,361,7-2-6
486,0.19163680786279602,0.1505914655100246,300,332,332,3-8-9
487,0.050794280030723504,0.04421133388391019,300,339,339,1-4-6
488,0.4006110420755171,0.15762966124924427,300,352,352,0-1
489,0.2955111800201565,0.4102283349823831,300,349,349,2-3-8
490,0.09993587738786985,0.48554033701908766,300,388,388,8-9
491,0.11524551190712229,0.11549493692954438,300,330,330,2
492,0.25679523757772105,0.26503506124498105,300,365,365,5-9-7
493,0.3110166014782305,0.30728902629571375,300,344,344,3-0
494,0.038743328893341644,0.09072623279586878,300,360,360,6
495,0.20806516995772872,0.11810525730000349,300,364,364,3-1
496,0.4545888132254138,0.2874914016425672,300,364,364,5-6-7-9
497,0.4910811429917826,0.42178776224243536,300,315,315,1-2-6
498,0.10467716166983815,0.3574396041017998,300,363,363,0-5
499,0.24079439056375324,0.021735484084134726,300,321,321,6-7-1
500,0.4583359262843639,0.3432133260495117,300,361,361,3
501,0.062140247626819745,1.5032167493628235E-4,300,348,348,1-9-3
502,0.07140213340262214,0.43013779594541945,300,311,311,4
503,0.130573444465517,0.14507902325884853,300,391,391,6-0-3-7
504,0.2204040825224799,0.4363845993449152,300,339,339,7-6-9
505,0.016804206311355596,0.35189052727000597,300,372,372,5
506,0.05087176718724784,0.4937551536190928,300,367,367,7-1-2-5
507,0.20560557695401538,0.4210920494138624,300,308,308,3-5-2-4
508,0.17623954515715728,0.37727842924439026,300,385,385,9-1
509,0.14596481383662335,0.09652655203634897,300,353,353,8
510,0.36824462441261585,0.35223647797213425,300,393,393,7-8-1-6
511,0.10946704482203534,0.3158028078273311,300,305,305,1
512,0.09336856910695412,0.2508529360897965,300,358,358,2-5-4
513,0.18588371951434185,0.09679343873281504,300,376,376,0-6-3-9
514,0.3590889988515517,0.45690973657888795,300,327,327,3-9-4-0
515,0.04191942198442744,0.09791033756886469,300,399,399,4-5
516,0.09689290325789418,0.08047536024168939,300,367,367,1-7-6
517,0.24729317019043034,0.17243405701165593,300,307,307,1-4-0-9
518,0.11092224758731678,0.09176062682877811,300,397,397,5-7
519,0.21685741188409502,0.3018466061256044,300,308,308,8-3
520,0.054669810128159246,0.25303462795157655,300,340,340,5-4-2
521,0.41213919953814304,0.11809653941591286,300,312,312,0-9
522,0.3136255810487088,0.15919572761900347,300,344,344,9-5-0
523,0.38210475200470906,0.3552872411322962,300,369,369,3-7-1-8
524,0.377017726429701,0.18574069647284985,300,378,378,8-1-7-3
525,0.4397343000074341,0.19819144619444035,300,306,306,2-8-9
526,0.24987472632957802,0.04556658711045519,300,397,397,4
527,0.4629737494373417,0.13140553343109146,300,387,387,8-2
528,0.18863920509192467,0.1546416369299521,300,307,307,6
529,0.14343205485989358,0.4316053311762771,300,389,389,8-3-9
530,0.20652499707196664,0.390493110739878,300,370,370,8-6-2
531,0.11916834170000146,0.4156467211393301,300,378,378,1
532,0.1062806354510567,0.34276065211532253,300,315,315,4-9-0-3
533,0.02065971473940753,0.37764149187355933,300,352,352,1-3-2-9
534,0.2513977560785839,0.3418855424247349,300,304,304,9-2
535,0.13156906642872918,0.1882489878525302,300,380,380,1-6-5
536,0.10243506141898029,0.35815238297687996,300,367,367,2-7
537,0.23629944519613472,0.43231130870281576,300,381,381,2-8-9
538,0.24683674200755107,0.4753603215753453,300,321,321,2-0-4
539,0.18368685874115165,0.18453875136658693,300,300,300,6
540,0.22830456712801284,0.26915414498765167,300,386,386,3-2-6-1
541,0.45595171548240987,0.39866618592595965,300,389,389,6-3
542,0.0753523915874032,0.15729234260276964,300,352,352,4-1-8
543,0.3039175604509768,0.28332496579822364,300,348,348,7-1-3
544,0.19927200520095556,0.2127036540727562,300,307,307,4-6
545,0.23020264796207468,0.16129400701978736,300,388,388,3-1-5
546,0.4488897790236875,0.05474296690491892,300,380,380,1
547,0.045500172188358334,0.2086003061325391,300,344,344,1-3
548,0.2745822037612837,0.18400260881119546,300,372,372,7-4-1-8
549,0.2473326568533863,0.2992364243920635,300,344,344,5
550,0.49198175807535066,0.4286031219246005,300,347,347,5-9
551,0.2512162403495611,0.08931183007710192,300,370,370,0-9-3-2
552,0.35135899198117304,0.33785628865050354,300,311,311,4-8-9-3
553,0.11771897041735113,0.08087629455481771,300,310,310,6-9
554,0.24392897415604886,0.41031260384231105,300,380,380,7-5-1
555,0.41484616340153174,0.06871445542101473,300,386,386,7-0-9-6
556,0.13921473491793585,0.10063782144596478,300,361,361,8-0
557,0.350342715332237,0.16810412278691267,300,343,343,2
558,0.299256996397054,0.29542685115015443,300,380,380,1
559,0.12123495395320738,0.2758574828268982,300,318,318,5
560,0.4876631961246305,0.30748438178482934,300,317,317,5
561,0.18781856193499552,0.2367883344937391,300,354,354,0-7
562,0.04512771758637785,0.032780297338082465,300,334,334,6-2
563,0.17049658250244276,0.4022743547754906,300,391,391,9-8-5-4
564,0.009793971339988494,0.3753734583274983,300,331,331,5-9-1-0
565,0.02042491215586678,0.06673358445578786,300,344,344,9-2-7
566,0.12842732677966145,0.4622660243802628,300,368,368,6
567,0.46026692256261736,0.33066415348294703,300,309,309,1
568,0.41183714935956356,0.4785979117388109,300,386,386,5-2-0-7
569,0.058115281981969025,0.3068652998535708,300,355,355,8-6-0
570,0.16850093353432766,0.3216497206892943,300,397,397,5
571,0.24544296788533276,0.15145129139312352,300,350,350,0-1
572,0.3627522116655669,0.2566064144953331,300,381,381,1-6-9
573,5.317472204365292E-4,0.20218344223644735,300,325,325,8-4
574,0.4437692894917283,0.12340911753645484,300,366,366,7
575,0.49209317994470486,0.45848194402333653,300,380,380,9-0
576,0.23037142535954985,0.14335673274260285,300,305,305,4
577,0.08624877936968028,0.16087223648494492,300,324,324,5
578,0.4531488787204103,0.17012217431506793,300,311,311,0-5-1
579,0.318588319022264,0.28768035595262015,300,307,307,9-4-2-7
580,0.20063205189762817,0.04957593467588495,300,322,322,0-9-4
581,0.008242912346868636,0.3370728051847936,300,398,398,4-1
582,0.01188984478983185,0.11426900037822235,300,322,322,6-1
583,0.3942259439546177,0.13657352236517084,300,322,322,8-0
584,0.3271409189500807,0.21472209193127956,300,370,370,9-4
585,0.029441336658448725,0.10793531337240142,300,338,338,9-3-1-6
586,0.3141442022086446,0.46358419122433153,300,312,312,6-5-7
587,0.11013368450974098,0.12449227590375472,300,354,354,0
588,0.4998732522188834,0.4352811371177229,300,338,338,9
589,0.14511583195060596,0.09917166637208757,300,378,378,3
590,0.3316431087988567,0.3410752060786318,300,338,338,6
591,0.2335335564579849,0.2640053514132784,300,302,302,2-1-8
592,0.4428764940313636,0.1580791360107598,300,318,318,0
593,0.2798644461395649,0.4231277324280134,300,322,322,5-6-7-9
594,0.18955264908826974,0.039597705451322684,300,365,365,9-8-6-0
595,0.004386726907599003,0.034924580839184594,300,390,390,9-7-4-3
596,0.3073341164745703,0.007964475377292113,300,352,352,0-1-4-3
597,0.46841639088438186,0.14657698877892184,300,306,306,8-1
598,0.4857062227414054,0.16506532129437934,300,391,391,9-3-6-2
599,0.42257764611872606,0.07879772255387835,300,343,343,7-4
600,0.34953289827858347,0.32171188424717945,300,382,382,8-6
601,0.11310599826178408,0.08407969474801125,300,338,338,9-5
602,0.2842986021857254,0.06838822085705515,300,325,325,7-2-9
603,0.2677955456074438,0.15282631059725788,300,329,329,7-0
604,0.13645412506690935,0.27269783711959217,300,385,385,3-1-7-8
605,0.4706994220359989,0.05032651866982396,300,347,347,6-8-4
606,0.16492119719285747,0.09383238540980515,300,385,385,6-2-4-5
607,0.0012170665202412834,0.4365970790798405,300,325,325,1-5-8-3
608,0.04961497568284906,0.20596920513154254,300,385,385,0-8-9
609,0.006887508767248973,0.04337854987694867,300,300,300,0
610,0.23712192007306931,0.0888235483850287,300,328,328,0-1
611,0.26568258240799003,0.2355566757954478,300,330,330,7-2
612,0.2124934979645665,0.01810467966148388,300,319,319,2
613,0.18326116835684875,0.24151502239789446,300,313,313,6-7-3
614,0.44835369561876387,0.3133736878566707,300,350,350,2
615,0.23759866403371466,0.2808100243704614,300,309,309,7
616,0.13152022178194606,0.2853040320563573,300,398,398,3-8-2-1
617,0.27512094289981986,0.4479030225618185,300,340,340,5
618,0.4451206384542483,0.33296741807788577,300,399,399,5-1-7
619,0.25230535954923095,0.27568287663188645,300,350,350,0
620,0.46437299308839297,0.25049041658890886,300,322,322,7-6
621,0.489262860217225,0.06171968061956373,300,370,370,5-3-0
622,0.45155186718844925,0.13484029366033856,300,378,378,9-7-6-0
623,0.026243868532873638,0.2830516387166162,300,307,307,1-8-0
624,0.32071206146835385,0.3422760470277058,300,385,385,3-9-0
625,0.2538134178949802,0.23364579450977985,300,323,323,4-5
626,0.34198240400549235,0.4558467820532303,300,397,397,7-1
627,0.026984826766235648,0.4128305752190725,300,320,320,5-1-4-8
628,0.4482271258516425,0.22274596319156148,300,386,386,1-9
629,0.1630506995282065,0.4543096165790293,300,336,336,2-3-4-6
630,0.0848022214720609,0.06448811132903776,300,371,371,5
631,0.31308748227717986,0.29847131377622393,300,388,388,9
632,0.0312790586812462,0.09502463560037439,300,369,369,2-5-9-3
633,0.12258094312255202,0.325219812386676,300,370,370,8
634,0.22403845540389983,0.47900059186053473,300,375,375,6
635,0.06254669869657353,0.035302174243855844,300,308,308,6-4-3
636,0.46075508521921327,0.344775546797828,300,373,373,9
637,0.30607645961606855,0.2185567459297741,300,352,352,2-7-9
638,0.15349409141935677,0.11684752682187188,300,366,366,9
639,0.484942661545405,0.06625140394922263,300,392,392,1-5
640,0.36213427455409913,0.33491973692292293,300,382,382,2-5
641,0.021256211130155855,0.048427922710477855,300,375,375,0-8-5-2
642,0.4531654061856847,0.061663185809076426,300,317,317,5-6-8
643,0.016619589956953784,0.45452832388466463,300,386,386,6-8
644,0.41406477054773855,0.06669705985650193,300,393,393,9
645,0.43079088158468287,0.38002704040975577,300,327,327,0
646,0.49385334431614847,0.4230381017986957,300,350,350,2-3-8
647,0.409043959075269,0.12492135363225004,300,315,315,4-6-9-7
648,0.3233803079502131,0.003083281336790089,300,399,399,8-1-0-7
649,0.28326237213880934,0.4784443028027764,300,311,311,5-9-2
650,0.4605362627895472,0.08371666954740209,300,382,382,8-0-5
651,0.43319589555687704,0.40949044486771913,300,359,359,5-8
652,0.0020073649374876545,0.2670858315471105,300,345,345,3-5-0-6
653,0.1704010240257724,0.1911815888379254,300,334,334,5-1
654,0.08136021509645147,0.4144144516551453,300,344,344,2-1-5-3
655,0.17742066308329002,0.4294749539119815,300,348,348,2
656,0.4459951548415757,0.24554454380865404,300,304,304,3
657,0.004911410602639887,0.05472008675242096,300,340,340,5-8-9
658,0.13738695211441126,0.006798612755690714,300,325,325,5-1
659,0.03733311834958186,0.11184748177809473,300,314,314,3-7-5-1
660,0.13019362003432156,0.38507002360487186,300,355,355,3-7-0-2
661,0.16758311476513693,0.3322977382669031,300,314,314,9-2-4-7
662,0.26546521602428774,0.16835877305773977,300,310,310,9
663,0.19919055796131024,0.043621075630291384,300,377,377,0
664,0.015776866096627984,0.45779374685189833,300,357,357,7-2
665,0.32603058316942773,0.460615860988917,300,359,359,9-6
666,0.1991794255426505,0.3509467138982,300,395,395,0-9-6
667,0.04735264983465698,0.3714226859311777,300,325,325,7-4-1-6
668,0.1210357499907645,0.4724950185541269,300,331,331,2
669,0.3986465070015041,0.019408656686085768,300,399,399,5-4-8
670,0.07596312999633109,0.45474184509151866,300,352,352,5-9-1-7
671,0.21080369078586725,0.35537657546214707,300,357,357,6-3-4-9
672,0.20960197354863802,0.03776450202428272,300,370,370,2
673,0.017778843800294153,0.2593079341083513,300,361,361,9-3
674,0.07038377443458055,0.3671798747836034,300,382,382,4-3-9-8
675,0.2573866273494903,0.25407251035201617,300,362,362,6-0-3
676,0.1385687228356034,0.005207559002150419,300,382,382,5
677,0.08155438505721346,0.47708523635028977,300,322,322,1-4
678,0.3038894774873451,0.23675982843546095,300,302,302,2-9-1
679,0.1426853492306141,0.040562293141097105,300,324,324,4-7-0
680,0.10128235496700477,0.3698858972020683,300,399,399,8-3
681,0.2803280138913942,0.29004280482710654,300,389,389,0-3-9
682,0.35816398977749825,0.26112490010462186,300,345,345,6
683,0.04578874836084945,0.09807457986979262,300,322,322,6
684,0.19101754739669158,0.3459807322663676,300,318,318,8
685,0.3134234386141297,0.4345303419312289,300,354,354,0-7
686,0.2943052687217869,0.431453192882483,300,369,369,6-5-3
687,0.14415503589325157,0.41248079071128146,300,307,307,9
688,0.1379118646748027,0.24425693025307238,300,316,316,9
689,0.35057512374439476,0.17893813331032704,300,310,310,3-4-6-0
690,0.42979458372159624,0.058315274848208865,300,352,352,3-5
691,0.3701344718193786,0.2629708642258576,300,347,347,7
692,0.08766095141971636,0.23231880914221836,300,364,364,4-2-1
693,0.4246353809294154,0.4747097994151657,300,364,364,0-7-9-5
694,0.3494363659780979,0.16588591209311254,300,344,344,7
695,0.22260625796910072,0.16544610833376389,300,300,300,7
696,0.4733923703196587,0.32400012271747086,300,328,328,5-0
697,0.12446358089347215,0.17016256036156185,300,307,307,6-4-0
698,0.25618405736140415,0.4550405513592533,300,309,309,5-6-3-9
699,0.38151350104923604,0.22800156717557396,300,346,346,4-5-0
700,0.18550785330935587,0.3359465892485711,300,344,344,8-1
701,0.3081040572586595,0.43158545350608474,300,344,344,1-5
702,0.14605152558973405,0.2392239946517789,300,313,313,0-4-6-1
703,0.25221691279506575,0.12325323168706553,300,337,337,7
704,0.03849096630927751,0.1316212811510884,300,394,394,7
705,0.3808906042231773,0.17196284994372085,300,338,338,7
706,0.03469029774685317,0.4775370096128771,300,373,373,1-2-8
707,0.1483477266285229,0.06132625260854646,300,338,338,0
708,0.12104965688910196,0.00356330295848728,300,329,329,7-2-5
709,0.43682616536414787,0.3687400983853075,300,378,378,4
710,0.4535139276960339,0.07900211397906293,300,314,314,9
711,0.2873270544201534,0.23657314597462298,300,350,350,9
712,0.17977344542900098,0.4547329927695022,300,315,315,2-3-8-4
713,0.4046675493205196,0.2334403457153827,300,382,382,1-4
714,0.015323872831471741,0.2673444751193295,300,385,385,0
715,0.3194438331537213,0.2539181632883355,300,339,339,3-9-2
716,0.4821462709827098,0.2882904486314914,300,324,324,5-3-7-4
717,0.04109001880906382,0.23816037050235683,300,367,367,7-9
718,0.09093940942685974,0.05548180992728313,300,343,343,3-5-9-0
719,0.012236514891036054,0.46316122721403497,300,391,391,8
720,0.38690087271378426,0.11831966318172743,300,310,310,4-1-7
721,0.38739481063250025,0.23511235607491787,300,327,327,0-5-2-1
722,0.1596846162056243,0.30953207882061323,300,394,394,8-7-9
723,0.36275726563826305,0.27640486126758557,300,370,370,8-7-6-2
724,0.31094417092447074,0.34442955636444655,300,388,388,6-3-5
725,0.17454533604064015,0.19183995810695426,300,300,300,2-4
726,0.1533575927248137,0.39352092826138474,300,359,359,1-0-7-4
727,0.2680633265512658,0.18175253527164836,300,321,321,4-9-5
728,0.24553470975015596,0.016853580119095324,300,300,300,3
729,0.25346314227765165,0.3175255764183813,300,315,315,5-4-1-3
730,0.16897682367113792,0.12052659328353599,300,315,315,3-6
731,0.46774689993158713,0.21938713726749987,300,340,340,5-1-3-4
732,0.3737710271536144,0.05927404963869887,300,373,373,2
733,0.3547026688794712,0.06551507929068334,300,393,393,3-6-8-7
734,0.09193886987259575,0.2586450120084322,300,362,362,8
735,0.347402800612769,0.12077763624761895,300,305,305,9
736,0.3573970516892586,0.4919428262728887,300,345,345,9-2
737,0.04186051176426897,0.3048838452520674,300,381,381,2-1
738,0.47832753171465164,0.3551136894545768,300,330,330,6
739,0.4738396167224193,0.3159811736827888,300,340,340,1
740,0.2674800456572101,0.2376663426366108,300,358,358,0-7-4
741,0.0023724435580657066,0.1794764229477211,300,392,392,0-8-7
742,0.4565034210945844,0.47745460783769156,300,328,328,9-0-7-5
743,0.46801202022417254,0.18111445557722905,300,350,350,3
744,0.2093628421442738,0.12498663715535491,300,326,326,3-5
745,0.34314684351252295,0.49024216170544155,300,341,341,5-9-7
746,0.28853748904482296,0.30620614941558805,300,310,310,4-7-9-2
747,0.42478699683084514,0.4097030147356759,300,398,398,7-3
748,0.2630865703686887,0.3814322698555978,300,315,315,5
749,0.18589809113192102,0.4365076202848155,300,353,353,8-0-5
750,0.28351015811152264,0.2687945861378792,300,399,399,0-9-3
751,0.40608445314798475,0.49357982122179783,300,344,344,3
752,0.2713999149984931,0.03701105160777862,300,385,385,6-4-2
753,0.006828042396612555,0.3112145733463431,300,320,320,8-9-0-6
754,0.4370939852495153,0.2484581164961095,300,307,307,2-5-1
755,0.38270927112178066,0.4294704818846325,300,388,388,4-6-8-3
756,0.062051107348026324,0.16758486438421444,300,352,352,1
757,0.09713038603514823,0.1745729750970192,300,388,388,7-5-2
758,0.24227938723651593,0.13940044575654292,300,336,336,4-9-7
759,0.21545024615888397,0.0062040632959867725,300,305,305,8-1-0
760,0.23321221928030583,0.44694557348357444,300,317,317,5-8
761,0.14251807514798903,0.2540220716030943,300,355,355,6-7-5-4
762,0.15514788726460427,0.18143154949704576,300,391,391,5-9
763,0.48815495303818107,0.30591985011111195,300,328,328,9-0-2
764,0.27909608887414666,0.06232964156760923,300,312,312,4
765,0.3432240079992491,0.48419038017972105,300,316,316,3
766,0.2096113064993756,0.001677923392656544,300,302,302,3-0-5-1
767,0.29113056770748164,0.4034415719354876,300,337,337,2
768,0.4315117674455012,0.2201943707734808,300,332,332,6-9-7-4
769,0.3322254551167447,0.38652508973522504,300,300,300,8
770,0.4762228184734794,0.4177676870508916,300,306,306,6
771,0.41845011209814914,0.29375272589618373,300,369,369,1
772,0.3744584369924506,0.49644757728942257,300,316,316,8-7-4-0
773,0.029724612433453368,0.41258972051226356,300,368,368,2-0-6-1
774,0.1604039332086868,0.19490104195391994,300,346,346,5-9-4-6
775,0.2686200811679464,0.014913855871518333,300,395,395,8-7-1-6
776,0.05927998387664496,0.073129858279388,300,325,325,0-2-6
777,0.38085257343686585,0.47683012939585134,300,341,341,7-8-5
778,0.023219985671635135,0.19464325790630066,300,352,352,5
779,0.2759727282692922,0.16799222277775527,300,369,369,8
780,0.1357449039989564,0.1471587817978916,300,332,332,9-6-1-3
781,0.2894210620209944,0.14977941671282463,300,366,366,7
782,0.4596440223797788,0.16112040781143927,300,371,371,1
783,0.3524995159994616,0.2554114985632295,300,300,300,0-1-6-3
784,0.1392711330680329,0.016542314928504054,300,347,347,9-8
785,0.01697264384225583,0.04260138911238248,300,343,343,6-7-5-9
786,0.4676283930015641,0.15822303331709203,300,347,347,0-7-5
787,0.20315186435253846,0.2524869035087491,300,309,309,6-5-4-0
788,0.3479735360516026,0.21074341841708405,300,322,322,3-0-8-4
789,0.34212253792953706,0.40220650644842376,300,360,360,0-7-4
790,0.11845446724862813,0.0031557863441040723,300,367,367,0-1-7
791,0.42509794041302695,0.29253539397616096,300,307,307,5-3
792,0.4900975343075752,0.4669878526228787,300,394,394,1-3
793,0.33634790046166796,0.18397951099115012,300,339,339,7-8
794,0.4793870110017105,0.35724466725399295,300,362,362,8-2-9-1
795,0.3827897150227976,0.08540008817920197,300,356,356,5
796,0.059289798929705095,0.25615774132961133,300,347,347,2-6-0-1
797,0.21032805451652264,0.12230697792182926,300,391,391,9-6-1
798,0.3026594022076075,0.42023254695308304,300,306,306,9-3-7-1
799,0.41579063884829526,0.3747953205166733,300,310,310,5-4-7-1
800,0.16491390296385927,0.3159804428718633,300,396,396,4-9-2-5
801,0.1427074330327756,0.1737881859362,300,352,352,0-1-9-3
802,0.25006050191522944,0.3962182944140205,300,318,318,2
803,0.4819371554295438,0.3374558048289338,300,359,359,9-5-3-7
804,0.011897063206522063,0.1600964076229684,300,348,348,7-0-6
805,0.34758387686894215,0.29870328711261257,300,374,374,5-4-3
806,0.4861441384821361,0.06215024473722647,300,343,343,3-2-9
807,0.3388129242287016,0.13376079056194928,300,368,368,6-7-4-3
808,0.09050740461595558,0.23364663219883208,300,360,360,1-6
809,0.20201133198001847,0.48170672944965165,300,374,374,2-9
810,0.015842086319379167,0.2329125971385319,300,380,380,5-8
811,0.3097792056538928,0.46629471118149496,300,381,381,5
812,0.03931801375671712,0.020218144517237635,300,393,393,5-6-8
813,0.2589665713761148,0.36203350990194466,300,344,344,9-0-6
814,0.151717508523187,0.33645449702684016,300,375,375,3
815,0.23772338565024032,0.0065452954535205055,300,334,334,1-0-5
816,0.0826132075180076,0.428616886749639,300,328,328,9-1
817,0.03946788855137934,0.2150119545903469,300,367,367,7
818,0.3324342566001304,0.4946161808930723,300,370,370,2-8-4
819,0.4243616125849495,0.11262603992304421,300,371,371,3-9
820,0.3465373748174646,0.473692418266819,300,368,368,3-0-6
821,0.022854408338223164,0.3223091506445593,300,359,359,9-3-2-7
822,0.060098306510003974,0.2963109636760517,300,332,332,3-7
823,0.24305624887697058,0.09741154967250765,300,367,367,7-0-8
824,0.33105745021006827,0.48692420982084694,300,350,350,5-7-0
825,0.10818264779022746,0.2546760814082429,300,359,359,6-4-8-2
826,0.3771860925544025,0.4695954555257918,300,342,342,8
827,0.15653302946877984,0.49055681612707325,300,398,398,3-1-9-6
828,0.16900766015336482,0.2554622664075786,300,307,307,2-3-7
829,0.32007099378173415,0.4421895063824774,300,387,387,5-7-3
830,0.25296941664531414,0.37572302346266256,300,346,346,6-1-3
831,0.14780603219109334,0.15581859773090218,300,377,377,4
832,0.13534154740035842,0.42368532325653313,300,341,341,8-3-9-4
833,0.08911098395062572,0.14045299607279094,300,381,381,0-6-9-5
834,0.2278263957209602,0.47702176763472537,300,311,311,6-9
835,0.10925454425355086,0.25813231422734745,300,358,358,6-2-3
836,0.0015469702121568285,0.1821842228481969,300,355,355,7
837,0.10436720337474376,0.19512959519327644,300,381,381,9-3-8-6
838,0.042122872540251266,0.2812825682738109,300,322,322,4-6
839,0.3816901413139427,0.38752044524880414,300,346,346,0-7-2-1
840,0.4133501903905631,0.31849811876461803,300,319,319,1-3
841,0.26194238345927634,0.10235497972370516,300,334,334,4-7
842,0.19865029293336706,0.15949362020275548,300,397,397,2
843,0.3956829614050684,0.15919254083634965,300,301,301,0-7-2
844,0.1265722649747128,0.18007476082478197,300,303,303,3
845,0.1268433137742082,0.2514008531098975,300,357,357,1
846,0.2822926964768756,0.18735462800047714,300,379,379,6-4-1-3
847,0.00896159661520668,0.4010193793150272,300,359,359,7
848,0.37629071577354367,0.135900676234689,300,307,307,7-3-8-9
849,0.07993487120006182,0.1392871675935955,300,398,398,1-5-6
850,0.2823936079437981,0.31849402182183884,300,396,396,7-2
851,0.28759145047887863,0.3673228221696167,300,314,314,4-5
852,0.35235279402142144,9.79762031913134E-4,300,376,376,9-1-5-7
853,0.25633152274320253,0.247936656018177,300,316,316,1
854,0.33267644846878985,0.13146219530156844,300,337,337,1-4-6
855,0.043846987285896255,0.1486381515376926,300,372,372,6
856,0.4139481665320325,0.19477432326363242,300,364,364,8
857,0.03050140220570885,0.31412566963198013,300,372,372,5
858,0.0187291692446952,0.42295588392005007,300,318,318,2
859,0.04973210091736552,0.4767459546433561,300,308,308,6
860,0.3470016685523015,0.4593326058191994,300,396,396,1-0-2
861,0.2218154691112914,0.13914491864913797,300,373,373,0-9-2
862,0.1679345387725849,0.4710440185423826,300,306,306,7
863,0.10566918548712945,0.39673916874648063,300,373,373,7-4
864,0.44973135869621106,0.1783508035707368,300,386,386,4-2
865,0.43030224777962994,0.3952725007688703,300,318,318,0-3-8
866,0.17917112350469827,0.4854535172429501,300,396,396,6
867,0.3040431807191846,0.4212628774560336,300,380,380,3-0-7-5
868,0.07196076611699886,0.013707905414501453,300,328,328,7
869,0.03590864773169855,0.27491881561047266,300,347,347,8
870,0.4879257451142443,0.25684514396440317,300,307,307,3-8-9
871,0.4996889228950071,0.06113402437295129,300,399,399,3-2-4-1
872,0.39406191790539086,0.05380739092497672,300,366,366,3-9-6-5
873,0.09317406937663086,0.3348077385647343,300,356,356,7
874,0.09288797896830359,0.4543279300715533,300,354,354,0-3-5-6
875,0.4688681123912356,0.2538332230730191,300,383,383,3-0-7-1
876,0.4634260925913295,0.4257340862231965,300,385,385,6-9-3-0
877,0.4372216120873144,0.005328421759889568,300,387,387,2
878,0.4725859352325317,0.053053518142365585,300,316,316,8
879,0.4442672338333323,0.12155610132694455,300,383,383,7-6
880,0.0803345306122209,0.4626644300936153,300,368,368,6
881,0.3337602891143442,0.4208929875735462,300,341,341,1-2-4
882,0.21663353032044624,0.4751220197661676,300,349,349,5-4-1
883,0.2818138916452958,0.27272396083982897,300,396,396,5-4-2
884,0.48680193362510005,0.0365586097440031,300,343,343,5-0
885,0.3198479799236969,0.40828701347290963,300,343,343,5-2-3-7
886,0.10066677667987062,0.3837213283357445,300,368,368,6-7
887,0.2978699199506851,0.07061857456223958,300,324,324,3
888,0.10508012208978368,0.3041895776414906,300,380,380,7-0-4
889,0.47124948356401064,0.038986131405253754,300,385,385,8-4-0-7
890,0.4781871355676296,0.014680394027634158,300,357,357,0-7
891,0.1959266242673141,0.19872234288712387,300,383,383,7-5-8-3
892,0.08980246866312669,0.3052180880918177,300,325,325,7-6-4-1
893,0.4991746138960695,0.3266142020686541,300,317,317,2-7-9
894,0.1221165210706115,0.18325790644023993,300,305,305,5-4-1
895,0.01929167895446443,0.2876192167432731,300,334,334,2-0
896,0.0556019891549564,0.05457190102333359,300,360,360,8-6
897,0.4946600820578783,0.2998503317286,300,371,371,0-6
898,0.37890919986209104,0.10341299207798194,300,336,336,7-9-2-8
899,0.2243116191288933,0.2655731990235645,300,319,319,6
900,0.11430398182283574,0.15511608247278252,300,362,362,0-4
901,0.41185675441395214,0.10777274584122254,300,397,397,5-6-2-8
902,0.302235041991011,0.3838538127349296,300,336,336,6-9-3
903,0.41999656142340314,0.26091372987158723,300,326,326,2-4-7-8
904,0.1481601347456752,0.3266177221999778,300,360,360,0
905,0.11859197743451838,0.11791446020993929,300,326,326,4
906,0.04285256533673698,0.4343848027134295,300,342,342,5-9
907,0.1996525071385657,0.4923554134716974,300,368,368,9-1-7
908,0.1331377936625081,0.45603198595901956,300,397,397,4
909,0.06613566376180652,0.46413482287318125,300,379,379,6
910,0.41778417727655576,0.06252715549405069,300,321,321,6-4
911,0.06137379250286229,0.13959239011965502,300,322,322,2-0-5
912,0.09478041912099916,0.13576044212206123,300,319,319,0-6
913,0.2035444235392389,0.2033324907752816,300,350,350,1-6-5-9
914,0.33518107739095476,0.4871744382063456,300,335,335,1
915,0.38446428284643763,0.04766366578426562,300,328,328,9
916,0.295858187342702,0.12302692294000178,300,371,371,6-7-2-0
917,0.26591981381179874,0.050105669981796885,300,373,373,3-6-9-4
918,0.3264038135614603,0.28077501591868637,300,388,388,3-7-4
919,0.307014852704054,0.050108399691771666,300,373,373,1
920,0.4118483090490595,0.4478267761201464,300,381,381,5-1-3-7
921,0.43487163866026673,0.43700577759310605,300,341,341,4
922,0.08400706877266062,0.24497424501277593,300,329,329,2-0
923,0.07334802062762052,0.4340263613136682,300,364,364,9
924,0.15712557759782086,0.39084766956528394,300,302,302,8-0-5-9
925,0.11834802683410411,0.25136454391373025,300,392,392,9-6-7-0
926,0.08561379377744177,0.0781220132801021,300,353,353,7-4
927,0.3829809344970403,0.21967621172538498,300,381,381,0-3-1
928,0.164953952861419,0.09902692840016636,300,364,364,2
929,0.06153503295998336,0.07910446850994785,300,336,336,5-8
930,0.4319292447970043,0.487716581906486,300,374,374,0-3
931,0.2461807243218661,0.31650358306823745,300,355,355,4-8
932,0.38239093912446614,0.31997947249920644,300,307,307,0-5-7-8
933,0.4125713925775366,0.3772275554080047,300,356,356,4-0-1
934,0.1083914089109051,0.32278556509726697,300,312,312,3
935,0.1503822284465387,0.08230751247027429,300,306,306,3-6
936,0.4457273777236602,0.3769886894141773,300,311,311,0-7
937,0.02041109406645486,0.3189394771511514,300,394,394,3-1-7-8
938,0.1857853254646028,0.23426329139140117,300,358,358,5-8-9
939,0.12765120096232058,0.33371021697924486,300,378,378,9-7-2-5
940,0.15613610181082488,0.09587083982838995,300,313,313,7-1-9
941,0.33678198022975875,0.10146152833518723,300,335,335,4-8-2-1
942,0.3759987121080459,0.05233052632266272,300,378,378,8
943,0.31910740715918795,0.2783448836210783,300,346,346,0-2
944,0.26108050678074307,0.03631268515908376,300,319,319,3-6-2-5
945,0.0869648207022592,0.15791430367506226,300,347,347,9-7-2-4
946,0.30447073858935936,0.033062059516064224,300,377,377,7
947,0.4158747578183032,0.3486474160663858,300,328,328,0-6-7
948,0.1897630104727579,0.29815456091859155,300,345,345,4-7-3-5
949,0.3150338371489847,0.17392137160304943,300,387,387,4-9-7
950,0.3991141757882208,0.4720934149229848,300,337,337,8-6-2
951,0.025558409037946983,0.3148468840002207,300,302,302,3
952,0.08926784311617969,0.483476016000466,300,304,304,2-4
953,0.48841044676814305,0.1507240300484215,300,349,349,2-1-5-6
954,0.03979012044256519,0.11436125434712902,300,331,331,5-4-1
955,0.09834626444753547,0.0364308926765351,300,338,338,5
956,0.26715515807302775,0.35957064522746474,300,339,339,4-7-1-0
957,0.21697184361090216,0.05047238239855034,300,313,313,0
958,0.31323407239417467,0.2600152009537406,300,349,349,4
959,0.13933110087781925,0.34032755353442706,300,325,325,5
960,0.001669762440231759,0.39047990417464257,300,342,342,6-4-8-2
961,0.23923176577221988,0.42006666313019125,300,358,358,0-1-5
962,0.4902697343269941,0.3386011092945753,300,375,375,7-0-9
963,0.12039112742332736,0.3608046427821005,300,344,344,4-9
964,0.45529444061792684,0.4242882761039445,300,385,385,7-3-8-5
965,0.20607876477178744,0.34186120678742093,300,352,352,6
966,0.26375588624466867,0.43567710040656743,300,382,382,1
967,0.04510498221676845,0.061306622487637796,300,369,369,9-2-3-6
968,0.28994970026702344,0.4631580349191658,300,359,359,0
969,0.09439115058413045,0.4283882019498757,300,303,303,2-0
970,0.4386021430206822,0.21063989847933262,300,385,385,5-2
971,0.12695452713278177,0.22121056561209662,300,336,336,6-4
972,0.379116357909611,0.02108819359205033,300,366,366,2-4
973,0.18923232265828843,0.21578656833844284,300,353,353,5-6-1-8
974,0.16859694624018023,0.021157781575242507,300,372,372,2-6
975,0.3608045280407235,0.4727949047902765,300,375,375,9-1-8
976,0.36619947494372473,0.1613685104479523,300,395,395,3-2-7
977,0.4366301232058691,0.1897907266000709,300,350,350,9-3-6-7
978,0.29004510532692124,0.32289863728818324,300,343,343,3-6-8
979,0.2524069745487837,0.14397451480892576,300,335,335,9-5
980,0.10685350211082795,0.13456485807777047,300,352,352,9-3-7-4
981,0.14730332247061773,0.4604898137011451,300,365,365,6-5-3
982,0.3093331388797421,0.32644945567417427,300,396,396,6-1-5
983,0.3393323946582331,0.4429933357894827,300,385,385,5-3-9
984,0.2283323909289181,0.17065606065685607,300,358,358,9-2-8
985,0.48227994273793423,0.00979862722771574,300,395,395,3
986,0.4423178415807624,0.3506172087326951,300,304,304,8
987,0.4403088803992012,0.39504126432937503,300,380,380,2
988,0.006455742797392805,0.4231590284431804,300,314,314,5-1-7-2
989,0.0033168834418401127,0.32800081693777383,300,325,325,8-2-9-5
990,0.0872915670356082,0.1160033304402851,300,308,308,9-7-1-0
991,0.2063683401712546,0.2975176826824372,300,358,358,8-4-9-0
992,0.4804553830993933,0.03665269021748291,300,315,315,4-5
993,0.10822909465050246,0.2677008764417357,300,318,318,2
994,0.08509188053779815,0.241918010084835,300,374,374,2
995,0.21657902217331199,0.05360577940992273,300,321,321,6-8-0-4
996,0.3015926433517468,0.1033045329851377,300,301,301,3-8-6-2
997,0.2599496522343322,0.2944782832814825,300,374,374,9-0-1
998,0.22331076993595989,0.35235055702427087,300,315,315,6-9
999,0.3751706308301454,0.06426746708886083,300,344,344,1-7-0-3
